# Custom file text saved

15
	100.000000 100.000000 10.000000
	-100.000000 100.000000 20.000000
	100.000000 -100.000000 10.000000
	-100.000000 -100.000000 20.000000
	100.000000 -50.000000 25.000000
	50.000000 -100.000000 12.000000
	-40.000000 -40.000000 15.000000
	60.000000 50.000000 15.000000
	80.000000 0.000000 32.000000
	-80.000000 0.000000 25.000000
	20.000000 50.000000 15.000000
	-106.250000 43.750000 12.250000
	-93.750000 43.750000 12.250000
	-93.750000 56.250000 12.250000
	-106.250000 56.250000 12.250000

5.000000 5.000000 154 1 3 2 1 3
	-30.000000 60.000000
	30.000000 30.000000
	40.000000 40.000000

	-40.000000 40.000000 1.500000 2 false 0
	-50.000000 30.000000 -0.500000 2 false 0
	110.000000 100.000000 0.000000 2 false 0
